Wallet ID,Row,Timestamp (UTC),Description,Currency,Balance delta,Available balance delta,Balance,Available balance,Cryptocurrency transaction ID,Cryptocurrency address,Value currency,Value amount
123456789,1,2016-01-21 03:31:46,"Bought BTC 0.99579 for ZAR 7,500.00",XBT,0.99579,0.99579,0.99579,0.99579,,,ZAR,7500
123456789,2,2016-01-24 08:42:58,"Bought BTC 1.37329 for ZAR 10,000.00",XBT,1.37329,1.37329,2.36908,2.36908,,,ZAR,10000
123456789,3,2016-06-22 04:45:28,"Bought 0.073002 BTC/ZAR @ 10,700",XBT,0.073002,0.073002,2.442082,2.442082,,,ZAR,781.12
123456789,4,2016-06-22 04:58:56,"Bought 0.38 BTC/ZAR @ 10,705",XBT,0.38,0.3762,2.822082,2.818282,,,ZAR,4067.9
123456789,5,2016-06-22 04:58:56,Trading fee,XBT,-0.0038,0,2.818282,2.818282,,,ZAR,40.79
123456789,6,2016-12-05 05:25:21,"Bought BTC 1.74346 for ZAR 20,000.00",XBT,1.74346,1.74346,4.561742,4.561742,,,ZAR,20000
123456789,8,2017-01-16 04:54:50,To Buy Ether,XBT,-1,0,3.561742,3.561742,,,ZAR,12051
123456789,9,2017-01-18 04:35:02,"Bought 0.244261 BTC/ZAR @ 12,899",XBT,0.244261,0.241819,3.806003,3.803561,,,ZAR,3150.72
123456789,10,2017-01-18 04:35:02,Trading fee,XBT,-0.002442,0,3.803561,3.803561,,,ZAR,31.49
123456789,12,2017-01-19 15:39:07,Sent Bitcoin to 35iNTkBB5xYbY3JAWQGjwwV8vr3sny457Q,XBT,-0.0285,0,3.775061,3.775061,,,ZAR,362.26
123456789,14,2017-01-22 06:30:26,Sent Bitcoin to 35WaKALoQL6H7doARUo4g7aPd18icrgdXH,XBT,-0.0283,0,3.746761,3.746761,,,ZAR,367.67
123456789,16,2017-03-02 05:31:29,Sent Bitcoin to 37Y28oc4bcgZvwQrAjkpBC2CVJJc4iPWeN,XBT,-1,0,2.746761,2.746561,,,ZAR,16616
123456789,17,2017-03-02 05:31:29,Bitcoin send fee,XBT,-0.0002,0,2.746561,2.746561,,,ZAR,3.32
123456789,19,2017-03-12 14:31:27,Payment request for BitPay invoice Ny5Bwc1SBCYf6kRAdrVF1L for merchant XT Network,XBT,-0.008035,0,2.738526,2.738326,,,ZAR,133.18
123456789,20,2017-03-12 14:31:27,Bitcoin send fee,XBT,-0.0002,0,2.738326,2.738326,,,ZAR,3.31
123456789,22,2017-03-16 07:14:31,Sent Bitcoin to 37Y28oc4bcgZvwQrAjkpBC2CVJJc4iPWeN,XBT,-1,0,1.738326,1.738126,,,ZAR,17089
123456789,23,2017-03-16 07:14:31,Bitcoin send fee,XBT,-0.0002,0,1.738126,1.738126,,,ZAR,3.41
123456789,24,2017-03-17 05:45:05,"Bought 0.529787 BTC/ZAR @ 15,548",XBT,0.529787,0.52449,2.267913,2.262616,,,ZAR,8237.12
123456789,25,2017-03-17 05:45:05,Trading fee,XBT,-0.005297,0,2.262616,2.262616,,,ZAR,82.35
123456789,26,2017-03-17 05:46:34,"Bought 0.01076 BTC/ZAR @ 15,548",XBT,0.01076,0.01076,2.273376,2.273376,,,ZAR,167.29
123456789,27,2017-03-17 05:49:05,"Bought 0.074322 BTC/ZAR @ 15,548",XBT,0.074322,0.074322,2.347698,2.347698,,,ZAR,1155.55
123456789,28,2017-03-17 06:20:16,"Bought 0.028317 BTC/ZAR @ 15,548",XBT,0.028317,0.028317,2.376015,2.376015,,,ZAR,440.27
123456789,30,2017-05-16 13:32:00,Sent Bitcoin to 1H9HuwJ5Dx1cbDrSWi7RfyykFWuVeM6nj5,XBT,-0.03867649,0,2.33733851,2.33713851,,,ZAR,999.98
123456789,31,2017-05-16 13:32:00,Bitcoin send fee,XBT,-0.0002,0,2.33713851,2.33713851,,,ZAR,5.17
123456789,35,2017-05-17 13:45:42,Sent Bitcoin to 1C8QsmtEMKzta6Z9unQZV72XdLGvZGh88,XBT,-0.00186912,0,2.33526939,2.33506939,,,ZAR,50.46
123456789,36,2017-05-17 13:45:42,Bitcoin send fee,XBT,-0.0002,0,2.33506939,2.33506939,,,ZAR,5.39
123456789,38,2017-05-18 06:33:54,Sent Bitcoin to 1C8QsmtEMKzta6Z9unQZV72XdLGvZGh88,XBT,-0.03718094,0,2.29788845,2.29768845,,,ZAR,999.98
123456789,39,2017-05-18 06:33:54,Bitcoin send fee,XBT,-0.0002,0,2.29768845,2.29768845,,,ZAR,5.37
123456789,40,2017-05-24 04:24:44,"Bought BTC 0.02649 for ZAR 1,000.00",XBT,0.02649,0.02649,2.32417845,2.32417845,,,ZAR,1000
123456789,42,2017-06-04 17:42:20,Sent Bitcoin to 1ku6UTr7ZXkn36tkhdFKaPiopmXbaTb1t,XBT,-0.0039756,0,2.32020285,2.31929798,,,ZAR,145.5
123456789,43,2017-06-04 17:42:20,Bitcoin send fee,XBT,-0.00090487,0,2.31929798,2.31929798,,,ZAR,33.11
123456789,44,2017-06-06 11:31:07,"Sold BTC 0.89381 for ZAR 35,000.00",XBT,-0.89381,-0.89381,1.42548798,1.42548798,,,ZAR,35000
123456789,46,2017-06-13 05:56:48,Sent Bitcoin to 36QEzrBzXkDaELfS9e2xTGEzDHhbyHn4sj,XBT,-0.02413,0,1.40135798,1.40013402,,,ZAR,960.68
123456789,47,2017-06-13 05:56:48,Bitcoin send fee,XBT,-0.00122396,0,1.40013402,1.40013402,,,ZAR,48.72
123456789,49,2017-06-14 17:57:08,Sent Bitcoin to 14LiiEMEMY7Yd6XjEYeCeQtBnaeNgJwT6s,XBT,-0.004605,0,1.39552902,1.39418369,,,ZAR,174.99
123456789,50,2017-06-14 17:57:08,Bitcoin send fee,XBT,-0.00134533,0,1.39418369,1.39418369,,,ZAR,51.12
123456789,51,2017-06-18 22:19:01,Received Bitcoin,XBT,0.038,0.0378,1.43218369,1.43198369,,,ZAR,1390.83
123456789,52,2017-06-18 22:19:01,Bitcoin receive fee,XBT,-0.0002,0,1.43198369,1.43198369,,,ZAR,7.32
123456789,53,2017-06-27 08:52:03,"Bought BTC 0.02815 for ZAR 1,000.00",XBT,0.02815,0.02815,1.46013369,1.46013369,,,ZAR,1000
123456789,55,2017-07-12 11:12:46,Sent Bitcoin to 1MFJWeVFbgKEnCpWyfQErt85GLjAFW7Qtx,XBT,-0.1,0,1.36013369,1.35996612,,,ZAR,3384.9
123456789,56,2017-07-12 11:12:46,Bitcoin send fee,XBT,-0.00016757,0,1.35996612,1.35996612,,,ZAR,5.67
123456789,58,2017-07-12 11:14:46,Sent Bitcoin to 19xx1WWt9JiGYjkAF5Dnao4bLPQFZi3bnK,XBT,-0.1,0,1.25996612,1.25979855,,,ZAR,3384.8
123456789,59,2017-07-12 11:14:46,Bitcoin send fee,XBT,-0.00016757,0,1.25979855,1.25979855,,,ZAR,5.67
123456789,61,2017-07-12 11:38:51,Sent Bitcoin to 19omrQvrvdWdzQNw34uAdiQKzz4hiuMgtP,XBT,-1,0,0.25979855,0.25963098,,,ZAR,33850
123456789,62,2017-07-12 11:38:51,Bitcoin send fee,XBT,-0.00016757,0,0.25963098,0.25963098,,,ZAR,5.67
123456789,64,2017-07-22 05:26:12,Sent Bitcoin to 137vC2ToYoJJEhqe7NahkrZZiMsU1yE443,XBT,-0.25963,0,0.00000098,0,,,ZAR,9450.27
123456789,65,2017-07-22 05:26:12,Bitcoin send fee,XBT,-0.00000098,0,0,0,,,ZAR,0.03
123456789,66,2017-07-26 03:49:21,"Bought BTC 0.02855 for ZAR 1,000.00",XBT,0.02855,0.02855,0.02855,0.02855,,,ZAR,1000
123456789,68,2017-07-26 14:12:49,Sent Bitcoin to 1Ew8ns7Um8uhYXoyfLQjmv94sQjyrUSN3G,XBT,-0.02855,0,0,0,,,ZAR,979.86
123456789,69,2017-08-26 06:53:57,"Bought BTC 0.01569 for ZAR 1,000.00",XBT,0.01569,0.01569,0.01569,0.01569,,,ZAR,1000
123456789,70,2017-09-01 19:08:48,Received Bitcoin,XBT,0.0221,0.0219,0.03779,0.03759,,,ZAR,1507.22
123456789,71,2017-09-01 19:08:48,Bitcoin receive fee,XBT,-0.0002,0,0.03759,0.03759,,,ZAR,13.64
123456789,73,2017-09-25 11:43:56,Garden of St. Christopher - 515 via PayFast,XBT,-0.00568,0,0.03191,0.03168824,,,ZAR,300.14
123456789,74,2017-09-25 11:43:56,Bitcoin send fee,XBT,-0.00022176,0,0.03168824,0.03168824,,,ZAR,11.71
123456789,75,2017-09-25 13:32:01,Received Bitcoin into pay.bitx.co,XBT,0.00568,0.00548,0.03736824,0.03716824,,,ZAR,300.18
123456789,76,2017-09-25 13:32:01,Bitcoin receive fee,XBT,-0.0002,0,0.03716824,0.03716824,,,ZAR,10.56
123456789,77,2017-09-29 10:15:21,Received Bitcoin,XBT,0.02247961,0.02227961,0.05964785,0.05944785,,,ZAR,1278.77
123456789,78,2017-09-29 10:15:21,Bitcoin receive fee,XBT,-0.0002,0,0.05944785,0.05944785,,,ZAR,11.37
123456789,79,2017-09-29 10:37:53,Received Bitcoin,XBT,0.59486,0.59466,0.65430785,0.65410785,,,ZAR,34085.47
123456789,80,2017-09-29 10:37:53,Bitcoin receive fee,XBT,-0.0002,0,0.65410785,0.65410785,,,ZAR,11.46
123456789,82,2017-10-10 10:22:27,Payment `x2OxyUS1Fjl1zw3C` to bitcoinpay.com worth of 120.00 EUR,XBT,-0.02988705,0,0.6242208,0.62382124,,,ZAR,1990.38
123456789,83,2017-10-10 10:22:27,Bitcoin send fee,XBT,-0.00039956,0,0.62382124,0.62382124,,,ZAR,26.6
123456789,84,2017-10-23 09:54:04,"Sold BTC 0.59239645 for ZAR 50,008.50",XBT,-0.59239645,-0.59239645,0.03142479,0.03142479,,,ZAR,50008.5
123456789,86,2017-10-24 12:44:01,Payment request for BitPay invoice 2q7YEdoE3E9vsr3WuUzWZU for merchant XT Network,XBT,-0.003562,0,0.02786279,0.02739831,,,ZAR,304
123456789,87,2017-10-24 12:44:01,Bitcoin send fee,XBT,-0.00046448,0,0.02739831,0.02739831,,,ZAR,39.64
123456789,88,2017-11-07 03:16:15,"Bought BTC 0.00882883 for ZAR 1,000.00",XBT,0.00882883,0.00882883,0.03622714,0.03622714,,,ZAR,1000
123456789,89,2017-11-14 06:49:19,"Bought BTC 0.00938724 for ZAR 1,000.00",XBT,0.00938724,0.00938724,0.04561438,0.04561438,,,ZAR,1000
123456789,90,2017-11-21 03:58:03,"Bought BTC 0.00822824 for ZAR 1,000.00",XBT,0.00822824,0.00822824,0.05384262,0.05384262,,,ZAR,1000
123456789,91,2017-12-01 13:32:05,"Bought BTC 0.12250076 for ZAR 20,000.00",XBT,0.12250076,0.12250076,0.17634338,0.17634338,,,ZAR,20000
123456789,93,2018-01-22 04:52:09,Sent Bitcoin to 37v3bgDMRpP8mW5bn3ZBVd9NEnEjjAg2Yo,XBT,-0.15,0,0.02634338,0.02579252,,,ZAR,24365.7
123456789,94,2018-01-22 04:52:09,Bitcoin send fee,XBT,-0.00055086,0,0.02579252,0.02579252,,,ZAR,89.48
123456789,95,2018-03-29 04:00:17,"Bought BTC 0.10118636 for ZAR 10,000.00",XBT,0.10118636,0.10118636,0.12697888,0.12697888,,,ZAR,10000
123456789,97,2018-04-16 17:17:53,Payment request for BitPay invoice 7XK38Z2ii6pkzqEtRVr9UH for merchant XT Network,XBT,-0.002493,0,0.12448588,0.12445643,,,ZAR,245.81
123456789,98,2018-04-16 17:17:53,Bitcoin send fee,XBT,-0.00002945,0,0.12445643,0.12445643,,,ZAR,2.9
123456789,100,2018-04-24 06:10:22,Sent Bitcoin to 37v3bgDMRpP8mW5bn3ZBVd9NEnEjjAg2Yo,XBT,-0.12,0,0.00445643,0.00443736,,,ZAR,14294.16
123456789,101,2018-04-24 06:10:22,Bitcoin send fee,XBT,-0.00001907,0,0.00443736,0.00443736,,,ZAR,2.27
123456789,103,2018-11-27 16:50:07,Payment request for BitPay invoice 7bGRKADsWiUCgfMaMHtDjR for merchant XT Network,XBT,-0.002831,0,0.00160636,0.00146634,,,ZAR,152.01
123456789,104,2018-11-27 16:50:07,Bitcoin send fee,XBT,-0.00014002,0,0.00146634,0.00146634,,,ZAR,7.51
123456789,105,2018-12-04 04:11:05,"Bought BTC 0.17542401 for ZAR 10,000.00",XBT,0.17542401,0.17542401,0.17689035,0.17689035,,,ZAR,10000
123456789,107,2019-09-08 10:43:49,Sent Bitcoin to 1JMJtQ7iZGf3HJc8QTYP2ddHhbbmMn3Xex,XBT,-0.00095,0,0.17594035,0.17591947,,,ZAR,158.46
123456789,108,2019-09-08 10:43:49,Bitcoin send fee,XBT,-0.00002088,0,0.17591947,0.17591947,,,ZAR,3.48
123456789,109,2019-12-19 04:20:38,"Bought BTC 0.17682884 for ZAR 20,000.00",XBT,0.17682884,0.17682884,0.35274831,0.35274831,,,ZAR,20000
123456789,111,2019-12-22 17:46:12,Sent Bitcoin to 33sr5A6bcBW9oL9HYSc7fQWeTVrrySnAht,XBT,-0.00241626,0,0.35033205,0.35031117,,,ZAR,275.45
123456789,112,2019-12-22 17:46:12,Bitcoin send fee,XBT,-0.00002088,0,0.35031117,0.35031117,,,ZAR,2.38
123456789,114,2020-01-07 12:41:04,Sent Bitcoin to 37v3bgDMRpP8mW5bn3ZBVd9NEnEjjAg2Yo,XBT,-0.3,0,0.05031117,0.05028921,,,ZAR,35998.5
123456789,115,2020-01-07 12:41:04,Bitcoin send fee,XBT,-0.00002196,0,0.05028921,0.05028921,,,ZAR,2.63
123456789,116,2020-01-09 08:24:51,"Bought BTC 0.24493883 for ZAR 30,000.00",XBT,0.24493883,0.24493883,0.29522804,0.29522804,,,ZAR,30000
123456789,117,2020-03-19 05:19:27,"Bought BTC 0.10485253 for ZAR 10,000.00",XBT,0.10485253,0.10485253,0.40008057,0.40008057,,,ZAR,10000
123456789,118,2021-01-08 11:59:20,"Sold BTC 0.08 for ZAR 50,814.27",XBT,-0.08,-0.08,0.32008057,0.32008057,,,ZAR,50814.27
123456789,119,2021-04-16 22:19:10,Received Bitcoin,XBT,0.07919,0.07919,0.39927057,0.39927057,,,ZAR,72713.36
123456789,120,2021-04-19 11:44:36,Received Bitcoin,XBT,0.08956,0.08956,0.48883057,0.48883057,,,ZAR,77434.38
123456789,121,2021-04-21 05:37:29,Received Bitcoin,XBT,0.09033,0.09033,0.57916057,0.57916057,,,ZAR,74518.63
123456789,122,2021-04-22 10:19:03,Received Bitcoin,XBT,0.09034,0.09034,0.66950057,0.66950057,,,ZAR,72311.2
123456789,123,2021-04-29 13:03:53,Received Bitcoin,XBT,0.09093,0.09093,0.76043057,0.76043057,,,ZAR,73098.99
123456789,124,2021-04-30 15:29:13,"Sold BTC 0.76043057 for ZAR 627,897.92",XBT,-0.76043057,-0.76043057,0,0,,,ZAR,627897.92
123456789,125,2021-05-01 07:56:17,Received Bitcoin,XBT,0.08906,0.08906,0.08906,0.08906,,,ZAR,76494.16
123456789,126,2021-05-02 18:07:16,Received Bitcoin,XBT,0.08632,0.08632,0.17538,0.17538,,,ZAR,72833.1
123456789,127,2021-05-04 11:04:54,Received Bitcoin,XBT,0.08636,0.08636,0.26174,0.26174,,,ZAR,72982.92
123456789,128,2021-05-05 16:53:06,Received Bitcoin,XBT,0.09073,0.09073,0.35247,0.35247,,,ZAR,76989.66
123456789,129,2021-05-12 05:44:35,Received Bitcoin,XBT,0.08939,0.08939,0.44186,0.44186,,,ZAR,74740.76
123456789,130,2021-05-13 10:25:15,Received Bitcoin,XBT,0.09276,0.09276,0.53462,0.53462,,,ZAR,68480.53
123456789,131,2021-05-16 18:31:55,"Sold BTC 0.52295337 for ZAR 350,000.00",XBT,-0.52295337,-0.52295337,0.01166663,0.01166663,,,ZAR,350000
123456789,132,2021-06-27 12:03:09,Received Bitcoin,XBT,0.15935,0.15935,0.17101663,0.17101663,,,ZAR,76569.26
123456789,133,2021-06-29 17:38:21,Received Bitcoin,XBT,0.01938,0.01938,0.19039663,0.19039663,,,ZAR,10346.92
123456789,135,2021-08-26 07:22:02,Sent Bitcoin to 38L2bd7QDVQLx9UvxQzz5h6yjMmgZGYJQP,XBT,-0.00072384,0,0.18967279,0.18966393,,,ZAR,520.37
123456789,136,2021-08-26 07:22:03,Bitcoin send fee,XBT,-0.00000886,0,0.18966393,0.18966393,,,ZAR,6.36
123456789,138,2021-09-20 18:05:29,Sent Bitcoin to 34Hz3Dcf6i5PD1Aa6tKkonSTqZimwwxEKz,XBT,-0.00042604,0,0.18923789,0.18922827,,,ZAR,288.22
123456789,139,2021-09-20 18:05:29,Bitcoin send fee,XBT,-0.00000962,0,0.18922827,0.18922827,,,ZAR,6.5
123456789,141,2021-10-08 19:46:03,Sent Bitcoin to 3GC8nrNSNxWe5jSVhgxes8wEdeS4J9ERYR,XBT,-0.00109484,0,0.18813343,0.18810706,,,ZAR,911.04
123456789,142,2021-10-08 19:46:03,Bitcoin send fee,XBT,-0.00002637,0,0.18810706,0.18810706,,,ZAR,21.94
123456789,144,2022-04-23 12:49:24,Sent Bitcoin to 3A2HziQ9YVbhteHh5LaFeq2zEe89UfGKMr,XBT,-0.00024432,0,0.18786274,0.18785251,,,ZAR,154.82
123456789,145,2022-04-23 12:49:24,Bitcoin send fee,XBT,-0.00001023,0,0.18785251,0.18785251,,,ZAR,6.48
123456789,147,2022-05-14 18:57:50,Happy Birthday,XBT,-0.00101206,0,0.18684045,0.18681718,,,ZAR,494.67
123456789,148,2022-05-14 18:57:50,Bitcoin send fee,XBT,-0.00002327,0,0.18681718,0.18681718,,,ZAR,11.37